##TITLE= 1,1,1-Trichlorobutane
##JCAMP-DX= 5.00
##DATA TYPE= MASS SPECTRUM
##ORIGIN= Wiley Registry of Mass Spectral Data 11th Edition
##OWNER= Copyright (C) 2016 John Wiley & Sons, Inc.
##SAMPLE DESCRIPTION= SpectrumID: 12556; Source: AA-0-1002-1
##XUNITS= m/z
##YUNITS= PERCENT
##NPOINTS= 76
##PEAK TABLE=(XY..XY)
153, 0.00010001
152, 0.0020002
147, 0.0020002
145, 0.0020002
129, 0.0030003
128, 0.0090009
127, 0.0170017
126, 0.0490049
125, 0.0290029
124, 0.0751075
123, 0.0070007
117, 0.0060006
115, 0.0040004
113, 0.0140014
112, 0.0030003
111, 0.030003
110, 0.0030003
109, 0.020002
101, 0.0040004
100, 0.0060006
99, 0.0260026
98, 0.0280028
97, 0.0420042
96, 0.0410041
95, 0.0030003
93, 0.0030003
92, 0.0110011
91, 0.235224
90, 0.0440044
89, 0.724972
88, 0.0350035
87, 0.0150015
85, 0.0270027
83, 0.040004
79, 0.0070007
78, 0.0040004
77, 0.0450045
76, 0.0110011
75, 0.121112
73, 0.0120012
66, 0.0040004
65, 0.155116
64, 0.331333
63, 0.494449
62, 1
61, 0.0591059
60, 0.0070007
55, 0.020002
54, 0.010001
53, 0.141114
52, 0.0090009
51, 0.0561056
50, 0.0240024
49, 0.0751075
48, 0.0050005
47, 0.0050005
45, 0.0020002
44, 0.0030003
43, 0.0060006
42, 0.0020002
41, 0.0220022
40, 0.0060006
39, 0.0771077
38, 0.0140014
37, 0.0090009
36, 0.0060006
35, 0.0040004
32, 0.0060006
29, 0.0230023
28, 0.0360036
27, 0.248225
26, 0.0290029
25, 0.0030003
18, 0.0020002
15, 0.0040004
14, 0.0020002
##END= 
