219.75	0.44317
220	0.42992
220.25	0.42767
220.5	0.42975
220.75	0.42805
221	0.43031
221.25	0.41995
221.5	0.42821
221.75	0.42691
222	0.42901
222.25	0.43229
222.5	0.43951
222.75	0.44426
223	0.44661
223.25	0.44959
223.5	0.46011
223.75	0.46253
224	0.47017
224.25	0.48306
224.5	0.49838
224.75	0.50782
225	0.51398
225.25	0.52231
225.5	0.52898
225.75	0.54022
226	0.55176
226.25	0.56964
226.5	0.58004
226.75	0.59051
227	0.60617
227.25	0.61794
227.5	0.63634
227.75	0.6449
228	0.65762
228.25	0.67368
228.5	0.68951
228.75	0.70024
229	0.71813
229.25	0.73132
229.5	0.74871
229.75	0.76077
230	0.77314
230.25	0.79553
230.5	0.80939
230.75	0.81946
231	0.83937
231.25	0.85479
231.5	0.86771
231.75	0.88709
232	0.9061
232.25	0.919
232.5	0.93709
232.75	0.9527
233	0.9703
233.25	0.98578
233.5	0.99942
233.75	1.0182
234	1.02718
234.25	1.04555
234.5	1.06241
234.75	1.0767
235	1.10289
235.25	1.11565
235.5	1.13959
235.75	1.15499
236	1.1709
236.25	1.18737
236.5	1.20485
236.75	1.21441
237	1.23524
237.25	1.24356
237.5	1.25761
237.75	1.26589
238	1.28458
238.25	1.29527
238.5	1.31433
238.75	1.32567
239	1.33995
239.25	1.34902
239.5	1.35924
239.75	1.37512
240	1.37735
240.25	1.39467
240.5	1.40467
240.75	1.4147
241	1.42229
241.25	1.43607
241.5	1.44417
241.75	1.45679
242	1.46262
242.25	1.46871
242.5	1.47366
242.75	1.48535
243	1.48847
243.25	1.49573
243.5	1.50379
243.75	1.51006
244	1.51705
244.25	1.5229
244.5	1.5304
244.75	1.53074
245	1.53412
245.25	1.54146
245.5	1.54665
245.75	1.54106
246	1.54675
246.25	1.54731
246.5	1.54828
246.75	1.54721
247	1.54939
247.25	1.55107
247.5	1.5528
247.75	1.54429
248	1.54912
248.25	1.54248
248.5	1.54199
248.75	1.53899
249	1.53475
249.25	1.52999
249.5	1.52454
249.75	1.52326
250	1.51333
250.25	1.50858
250.5	1.50467
250.75	1.49859
251	1.49301
251.25	1.48223
251.5	1.47359
251.75	1.46818
252	1.46107
252.25	1.44613
252.5	1.44593
252.75	1.42756
253	1.41926
253.25	1.41136
253.5	1.40046
253.75	1.38875
254	1.3738
254.25	1.36487
254.5	1.35677
254.75	1.35123
255	1.34237
255.25	1.33105
255.5	1.31348
255.75	1.30275
256	1.28485
256.25	1.27211
256.5	1.26483
256.75	1.24515
257	1.22959
257.25	1.21232
257.5	1.19726
257.75	1.17782
258	1.16082
258.25	1.14923
258.5	1.13179
258.75	1.11209
259	1.0988
259.25	1.08092
259.5	1.06461
259.75	1.04567
260	1.02832
260.25	1.01295
260.5	0.99255
260.75	0.97725
261	0.96078
261.25	0.94233
261.5	0.92582
261.75	0.91055
262	0.89067
262.25	0.87485
262.5	0.85989
262.75	0.84463
263	0.82745
263.25	0.81149
263.5	0.79524
263.75	0.78431
264	0.76577
264.25	0.74903
264.5	0.73396
264.75	0.71822
265	0.7033
265.25	0.68858
265.5	0.67262
265.75	0.66167
266	0.65021
266.25	0.63337
266.5	0.61925
266.75	0.60621
267	0.59122
267.25	0.57918
267.5	0.56818
267.75	0.55675
268	0.54397
268.25	0.53222
268.5	0.51733
268.75	0.50729
269	0.49682
269.25	0.48354
269.5	0.47182
269.75	0.46365
270	0.45136
270.25	0.4412
270.5	0.43119
270.75	0.41894
271	0.40905
271.25	0.39955
271.5	0.38659
271.75	0.37591
272	0.3677
272.25	0.35551
272.5	0.34573
272.75	0.33945
273	0.32818
273.25	0.31644
273.5	0.31009
273.75	0.29773
274	0.28969
274.25	0.27867
274.5	0.26967
274.75	0.25934
275	0.25239
275.25	0.23999
275.5	0.22941
275.75	0.21685
276	0.2107
276.25	0.20154
276.5	0.19483
276.75	0.18962
277	0.18337
277.25	0.17693
277.5	0.1716
277.75	0.1615
278	0.15489
278.25	0.14928
278.5	0.14316
278.75	0.13989
279	0.13287
279.25	0.12656
279.5	0.12297
279.75	0.11303
280	0.10886
280.25	0.10328
280.5	0.09828
280.75	0.09124
281	0.08829
281.25	0.08255
281.5	0.07649
281.75	0.07344
282	0.06584
282.25	0.06441
282.5	0.05941
282.75	0.05599
283	0.05546
283.25	0.0512
283.5	0.0464
283.75	0.04311
284	0.03953
284.25	0.03786
284.5	0.03668
284.75	0.03278
285	0.03233
285.25	0.03063
285.5	0.02921
285.75	0.02694
286	0.02363
286.25	0.02413
286.5	0.02371
286.75	0.02118
287	0.01885
287.25	0.0178
287.5	0.0168
287.75	0.01631
288	0.01665
288.25	0.01552
288.5	0.01296
288.75	0.01385
289	0.01115
289.25	0.01096
289.5	0.01249
289.75	0.0097
290	0.00904
290.25	0.00759
290.5	0.00763
290.75	0.00761
291	0.00911
291.25	0.0077
291.5	0.00553
291.75	0.00735
292	0.00668
292.25	0.00479
292.5	0.00559
292.75	0.00548
293	0.00465
293.25	0.00471
293.5	0.00522
293.75	0.00573
294	0.00507
294.25	0.0013
294.5	0.00366
294.75	0.00105
295	0.00189
295.25	0.00207
295.5	0.00325
295.75	0.00163
296	0.00231
296.25	0.0022
296.5	0.00009
296.75	0.0014
297	0.0018
297.25	0.003
297.5	0.00245
297.75	0.00176
298	0.00128
298.25	0.00007
298.5	0.00139
298.75	0.00114
299	0.0008
299.25	0.00097
299.5	0.00069
299.75	0.00016
300	0.00186
300.25	0.00026
300.5	0.00147
300.75	0.00024
301	0.00018
301.25	0.00278
301.5	0.00081
301.75	0.00169
302	0.00163
302.25	0.00095
302.5	0.00105
302.75	0.00069
303	0.00224
303.25	0.00034
303.5	0.0022
303.75	0.00205
304	0.00041
304.25	0.001
304.5	0.00062
304.75	0.00008
305	0.00082
305.25	0.00068
305.5	0.0005
305.75	0.00111
306	0.00127
306.25	0.00028
306.5	0.00286
306.75	0.00216
307	0.00192
307.25	0.00049
307.5	0.00203
307.75	0.00226
308	0.00009
308.25	0.00118
308.5	0.00153
308.75	0.00132
309	0.00113
309.25	0.00079
309.5	0.00033
309.75	0.00683
310	0.00546
310.25	0.00036
310.5	0.00228
310.75	0.00369
311	0.00195
311.25	0.00454
311.5	0.00325
311.75	0.00015
312	0.00408
312.25	0.00255
312.5	0.00581
312.75	0.00039
313	0.00269
313.25	0.00328
313.5	0.00249
313.75	0.00615
314	0.00009
314.25	0.00007
314.5	0.00462
314.75	0.00143
315	0.00557
315.25	0.00095
315.5	0.00234
315.75	0.00142
316	0.00324
316.25	0.00076
316.5	0.00261
316.75	0.00343
317	0.00196
317.25	0.00199
317.5	0.00143
317.75	0.00135
318	0.00799
318.25	0.00442
318.5	0.00281
318.75	0.00088
319	0.00029
319.25	0.00691
319.5	0.00286
319.75	0.0002
320	0.00141
320.25	0.00063
320.5	0.00026
320.75	0.00855
321	0.00186
321.25	0.00106
321.5	0.00033
321.75	0.00148
322	0.00303
322.25	0.00265
322.5	0.00048
322.75	0.0027
323	0.00459
323.25	0.00205
323.5	0.00098
323.75	0.00076
324	0.00362
324.25	0.00083
324.5	0.0053
324.75	0.00017
325	0.00293
325.25	0.00181
325.5	0.00536
325.75	0.00482
326	0.00466
326.25	0.00191
326.5	0.00021
326.75	0.00054
327	0.00131
327.25	0.00168
327.5	0.00827
327.75	0.00052
328	0.0014
328.25	0.00329
328.5	0.00058
328.75	0.009
329	0.00267
329.25	0.00019
329.5	0.00259
329.75	0.00266
330	0.00046
330.25	0.00798
330.5	0.00171
330.75	0.00267
331	0.00438
331.25	0.00201
331.5	0.00033
331.75	0.00029
332	0.00423
332.25	0.0009
332.5	0.0028
332.75	0.00165
333	0.00231
333.25	0.00051
333.5	0.00328
333.75	0.0005
334	0.00263
334.25	0.00081
334.5	0.0009
334.75	0.00166
335	0.00107
335.25	0.00055
335.5	0.00023
335.75	0.00385
336	0.00005
336.25	0.00231
336.5	0.00124
336.75	0.00099
337	0.00094
337.25	0.00159
337.5	0.00193
337.75	0.00033
338	0.00024
338.25	0.00093
338.5	0.00126
338.75	0.00288
339	0.00154
339.25	0.00195
339.5	0.00186
339.75	0.00089
340	0.00199
340.25	0.00333
340.5	0.00026
340.75	0.00314
341	0.00143
341.25	0.0032
341.5	0.00584
341.75	0.00026
342	0.00124
342.25	0.00276
342.5	0.00119
342.75	0.00041
343	0.0001
343.25	0.0002
343.5	0.00064
343.75	0.00056
344	0.00404
344.25	0.00038
344.5	0.00638
344.75	0.00036
345	0.00246
345.25	0.00391
345.5	0.00323
345.75	0.00145
346	0.00265
346.25	0.00157
346.5	0.00006
346.75	0.00061
347	0.00094
347.25	0.00337
347.5	0.00403
347.75	0.00079
348	0.00385
348.25	0.0041
348.5	0.00039
348.75	0.00254
349	0.00098
349.25	0.00048
349.5	0.00055
349.75	0.00164
350	0.00251
