201	1.370306
201.25	1.373379
201.5	1.358511
201.75	1.357044
202	1.372024
202.25	1.314663
202.5	1.344674
202.75	1.334537
203	1.337503
203.25	1.308367
203.5	1.331989
203.75	1.374575
204	1.346857
204.25	1.319665
204.5	1.340563
204.75	1.358337
205	1.346385
205.25	1.340876
205.5	1.323665
205.75	1.334343
206	1.289784
206.25	1.301738
206.5	1.300171
206.75	1.296334
207	1.283733
207.25	1.265455
207.5	1.260476
207.75	1.242794
208	1.256016
208.25	1.218096
208.5	1.227785
208.75	1.210943
209	1.216613
209.25	1.196877
209.5	1.200971
209.75	1.162527
210	1.169892
210.25	1.151904
210.5	1.125861
210.75	1.121464
211	1.101192
211.25	1.08794
211.5	1.080214
211.75	1.058553
212	1.038785
212.25	1.013618
212.5	1.008951
212.75	0.986423
213	0.967449
213.25	0.953731
213.5	0.940047
213.75	0.932845
214	0.900369
214.25	0.887618
214.5	0.865123
214.75	0.846072
215	0.832549
215.25	0.81384
215.5	0.807035
215.75	0.777633
216	0.781417
216.25	0.760223
216.5	0.73441
216.75	0.71806
217	0.698514
217.25	0.673823
217.5	0.651454
217.75	0.628202
218	0.623092
218.25	0.595251
218.5	0.583889
218.75	0.575838
219	0.54349
219.25	0.54221
219.5	0.52343
219.75	0.499802
220	0.489498
220.25	0.469717
220.5	0.456659
220.75	0.438139
221	0.42481
221.25	0.414265
221.5	0.392199
221.75	0.386203
222	0.379447
222.25	0.354845
222.5	0.354996
222.75	0.339567
223	0.337698
223.25	0.318221
223.5	0.322276
223.75	0.311221
224	0.305954
224.25	0.290226
224.5	0.27595
224.75	0.290719
225	0.267997
225.25	0.27552
225.5	0.265181
225.75	0.266137
226	0.25357
226.25	0.268351
226.5	0.247931
226.75	0.257885
227	0.252526
227.25	0.252601
227.5	0.250556
227.75	0.24964
228	0.244042
228.25	0.251898
228.5	0.253874
228.75	0.25427
229	0.256412
229.25	0.265935
229.5	0.262832
229.75	0.266647
230	0.270676
230.25	0.267313
230.5	0.271765
230.75	0.286961
231	0.290191
231.25	0.290702
231.5	0.297982
231.75	0.30119
232	0.307395
232.25	0.313046
232.5	0.31937
232.75	0.330615
233	0.336591
233.25	0.347985
233.5	0.355697
233.75	0.352471
234	0.365249
234.25	0.370279
234.5	0.382426
234.75	0.396278
235	0.401803
235.25	0.410403
235.5	0.416591
235.75	0.422067
236	0.429807
236.25	0.447032
236.5	0.453176
236.75	0.469348
237	0.473582
237.25	0.482678
237.5	0.490113
237.75	0.500793
238	0.506028
238.25	0.527477
238.5	0.535044
238.75	0.541567
239	0.54974
239.25	0.567724
239.5	0.574027
239.75	0.582486
240	0.596898
240.25	0.606002
240.5	0.613582
240.75	0.627918
241	0.634631
241.25	0.6519
241.5	0.664476
241.75	0.672888
242	0.6815
242.25	0.689186
242.5	0.694083
242.75	0.721682
243	0.725681
243.25	0.735523
243.5	0.755425
243.75	0.765302
244	0.775577
244.25	0.780815
244.5	0.801002
244.75	0.810179
245	0.82263
245.25	0.825352
245.5	0.842136
245.75	0.843445
246	0.862795
246.25	0.873336
246.5	0.880252
246.75	0.895217
247	0.899905
247.25	0.923274
247.5	0.926775
247.75	0.940497
248	0.949795
248.25	0.966664
248.5	0.963814
248.75	0.979994
249	0.998129
249.25	1.017609
249.5	1.019759
249.75	1.019541
250	1.037174
250.25	1.054488
250.5	1.066903
250.75	1.066529
251	1.070444
251.25	1.087645
251.5	1.09417
251.75	1.109408
252	1.111716
252.25	1.112918
252.5	1.136093
252.75	1.139776
253	1.132985
253.25	1.144925
253.5	1.156435
253.75	1.162523
254	1.172047
254.25	1.172288
254.5	1.182498
254.75	1.181541
255	1.18908
255.25	1.198745
255.5	1.196924
255.75	1.195343
256	1.206371
256.25	1.207126
256.5	1.225496
256.75	1.206606
257	1.222703
257.25	1.216804
257.5	1.219781
257.75	1.219018
258	1.219761
258.25	1.234374
258.5	1.231554
258.75	1.216783
259	1.221198
259.25	1.218587
259.5	1.231842
259.75	1.222162
260	1.220909
260.25	1.221444
260.5	1.225027
260.75	1.214816
261	1.201897
261.25	1.200512
261.5	1.192537
261.75	1.181795
262	1.185066
262.25	1.162749
262.5	1.169655
262.75	1.168514
263	1.154796
263.25	1.144158
263.5	1.147298
263.75	1.130794
264	1.123968
264.25	1.119216
264.5	1.100087
264.75	1.0904
265	1.082098
265.25	1.07489
265.5	1.050734
265.75	1.055893
266	1.035886
266.25	1.019781
266.5	1.010212
266.75	0.997254
267	0.994132
267.25	0.972396
267.5	0.959178
267.75	0.946369
268	0.931481
268.25	0.927723
268.5	0.903417
268.75	0.885454
269	0.869894
269.25	0.856384
269.5	0.836857
269.75	0.823005
270	0.809173
270.25	0.79568
270.5	0.772261
270.75	0.767316
271	0.747193
271.25	0.725393
271.5	0.714053
271.75	0.698526
272	0.678259
272.25	0.655455
272.5	0.649739
272.75	0.625206
273	0.609326
273.25	0.590045
273.5	0.574648
273.75	0.555828
274	0.537677
274.25	0.51685
274.5	0.507187
274.75	0.487244
275	0.469966
275.25	0.452765
275.5	0.441988
275.75	0.420502
276	0.412072
276.25	0.39477
276.5	0.378378
276.75	0.355075
277	0.344602
277.25	0.330139
277.5	0.319579
277.75	0.299687
278	0.289509
278.25	0.278557
278.5	0.257655
278.75	0.249208
279	0.24039
279.25	0.225652
279.5	0.211496
279.75	0.202033
280	0.191643
280.25	0.179558
280.5	0.170308
280.75	0.157325
281	0.149322
281.25	0.145438
281.5	0.12567
281.75	0.122975
282	0.113715
282.25	0.096931
282.5	0.093528
282.75	0.093044
283	0.082715
283.25	0.07899
283.5	0.074861
283.75	0.071298
284	0.062322
284.25	0.059118
284.5	0.047438
284.75	0.05027
285	0.049023
285.25	0.041576
285.5	0.044368
285.75	0.038682
286	0.033514
286.25	0.030501
286.5	0.031594
286.75	0.026641
287	0.024087
287.25	0.018549
287.5	0.01826
287.75	0.020628
288	0.016781
288.25	0.019921
288.5	0.017575
288.75	0.019724
289	0.009841
289.25	0.013347
289.5	0.012395
289.75	0.007101
290	0.010514
290.25	0.010163
290.5	0.004765
290.75	0.008056
291	0.013301
291.25	0.013293
291.5	0.005761
291.75	0.006125
292	0.005629
292.25	0.009317
292.5	0.004207
292.75	0.008266
293	0.003092
293.25	0.009965
293.5	0.001603
293.75	0.0002
294	0.008432
294.25	0.004997
294.5	0.004286
294.75	0.009056
295	0.00709
295.25	0.005214
295.5	0.001963
295.75	0.004707
296	0.010258
296.25	0.00255
296.5	0.006887
296.75	0.003903
297	0.007885
297.25	0.003716
297.5	0.00244
297.75	0.007706
298	0.003409
298.25	0.005588
298.5	0.002615
298.75	0.005322
299	0.005966
299.25	0.001977
299.5	0.007276
299.75	0.005934
300	0.000803
300.25	0.005351
300.5	0.004795
300.75	0.009171
301	0.000978
301.25	0.005116
301.5	0.000395
301.75	0.003801
302	0.001459
302.25	0.004773
302.5	0.001262
302.75	0.004228
303	0.000986
303.25	0.000882
303.5	0.000402
303.75	0.0039
304	0.002891
304.25	0.006553
304.5	0.000967
304.75	0.002674
305	0.002484
305.25	0.006613
305.5	0.002252
305.75	0.000674
306	0.000945
306.25	0.003469
306.5	0.004903
306.75	0.005314
307	0.003596
307.25	0.002063
307.5	0.001012
307.75	0.003711
308	0.000852
308.25	0.003187
308.5	0.007465
308.75	0.005891
309	0.009083
309.25	0.008581
309.5	0.00086
309.75	0.007424
310	0.004679
310.25	0.001529
310.5	0.003923
310.75	0.00494
311	0.003124
311.25	0.002315
311.5	0.001402
311.75	0.005005
312	0.000685
312.25	0.006993
312.5	0.002745
312.75	0.000775
313	0.004205
313.25	0.003819
313.5	0.00622
313.75	0.005076
314	0.000821
314.25	0.000402
314.5	0.00315
314.75	0.001722
315	0.00341
315.25	0.001232
315.5	0.001835
315.75	0.003552
316	0.000958
316.25	0.001667
316.5	0.001713
316.75	0.005861
317	0.003146
317.25	0.005894
317.5	0.002941
317.75	0.003556
318	0.00411
318.25	0.00524
318.5	0.003406
318.75	0.003975
319	0.004689
319.25	0.004916
319.5	0.000712
319.75	0.00643
320	0.006132
320.25	0.003318
320.5	0.005532
320.75	0.006551
321	0.003693
321.25	0.00018
321.5	0.005135
321.75	0.002894
322	0.002779
322.25	0.000766
322.5	0.001357
322.75	0.001413
323	0.005669
323.25	0.003849
323.5	0.001649
323.75	0.004155
324	0.000949
324.25	0.003988
324.5	0.00571
324.75	0.002022
325	0.005746
325.25	0.001712
325.5	0.003728
325.75	0.001572
326	0.003318
326.25	0.004248
326.5	0.004785
326.75	0.001845
327	0.004235
327.25	0.008968
327.5	0.001859
327.75	0.00415
328	0.000661
328.25	0.002437
328.5	0.00329
328.75	0.005652
329	0.001214
329.25	0.004296
329.5	0.001641
329.75	0.003503
330	0.002717
330.25	0.001489
330.5	0.004336
330.75	0.004705
331	0.013332
331.25	0.003586
331.5	0.002749
331.75	0.000609
332	0.00044
332.25	0.002136
332.5	0.001764
332.75	0.004738
333	0.003045
333.25	0.001323
333.5	0.003503
333.75	0.002788
334	0.006329
334.25	0.002742
334.5	0.001552
334.75	0.006489
335	0.001547
335.25	0.005861
335.5	0.000057
335.75	0.004196
336	0.00374
336.25	0.000559
336.5	0.002535
336.75	0.011216
337	0.005542
337.25	0.000707
337.5	0.000734
337.75	0.002497
338	0.006485
338.25	0.009499
338.5	0.011339
338.75	0.00077
339	0.003445
339.25	0.003103
339.5	0.000116
339.75	0.000769
340	0.000112
340.25	0.000401
340.5	0.003135
340.75	0.001487
341	0.000985
341.25	0.004704
341.5	0.003089
341.75	0.004401
342	0.000828
342.25	0.000583
342.5	0.005058
342.75	0.002133
343	0.001646
343.25	0.001121
343.5	0.004028
343.75	0.004036
344	0.002304
344.25	0.000652
344.5	0.000887
344.75	0.00429
345	0.007121
345.25	0.001362
345.5	0.00211
345.75	0.002676
346	0.001628
346.25	0.005296
346.5	0.002006
346.75	0.002735
347	0.001906
347.25	0.009269
347.5	0.006516
347.75	0.003606
348	0.001256
348.25	0.007756
348.5	0.004678
348.75	0.004908
349	0.004365
349.25	0.005369
349.5	0.000238
349.75	0.001253
350	0.000863
